2;-5 -4 -3 -1
1;-5 -4 -3 -1 0
24;44 -21 40 38 -66 -45 -88 5 -62 26 -51 -62 90 38 -52 -69 -93 -85 -18 72 -63 -75 18 32 23 73 -97 93 77 26 24 -48 67 25 66 -8 23 -85 37 -51 19 38
34;-87 54 -76 -21 -92 39 -13 -48 24 74 50 25 -94 75 17 91 -34 -72 39 17 -36 -39 73 -93 23 -1 -17 90 -61 52 14 32 1 89 23 -80 -11 -82 69 64 32 -98 -45 -98 10 43 93 91 -56 51 54 -68 52 47 -2 -79 -54 63 38 4 36 17 -42 -82 22 -56 34 -34 -69 26
27;-54 -59 97 82 -66 -60 -87 27 42 -13 20 -46 65 19 -77 61 37 57 -72 57 73 95 -69 67 -37 -61 84 -40 -38 0 92 50 56 60 -47 -53 -11 -74 -78 53 98 -74 -64 -91 55 3 29 -12 31 -86 84 28 11 -54 77 35 41 -32 -33 -10 -31 79 76 85 -59 90
9;-33 6 39 17 -63 -55 -86 33 56 -64 -95 -97 -20 70 -17 -2 -96 -88 83 73 -3 53 -42 -47 -77 -10 3 64 38 -85 63 -70 8 -2 -29 68 73 -20 98 40 -31 -81 -47 -19 66 -76 -96 48 5 48 -79 66 87 54 8 -82 -99 32
4;-81 27 56 -94 32 56 37 96 11 -22 -42 -70 -74 1 14 54 -30 91 -48 58 39 25 -28 -25 -9 29 -25 -43 -58 -31 -2 -23 1 65 55 -9 12 62 61 -21 -37 -89 -57 -16 88 80 -25
46;-34 -8 11 -61 33 79 -12 -62 -77 96 77 96 -62 -12 88 -79 98 -50 -53 15 -81 -22 -45 44 -57 23 5 -21 98 -76 9 35 -78 -23 57 -10 6 -31 52 -58 -65 26 -54 -1 10 91 -76 -58 44 -18 67 43 -81 -55 -17 -58 16 21 -69 81 90
26;-64 66 -24 -73 -54 -85 -51 -60 -13 61 -7 -76 -51 99 28 -83 44 40 74 -73 90 3 85 19 80 -97 -34 34 -70 85 3 -24 99 -67 38 20 -82 -77 -38 -61 -72 -95 87 48 30 58 8 -41 51 41 -3 -45 84 -34 81 -68 10 22 -68 -50 72 -59 98 86 51 12 66 -52
23;-72 -91 30 74 -35 98 85 -54 98 43 10 -16 -30 -87 12 42 -80 41 33 -36 43 -74 31 -81 -42 16 -77 -97 85 58 -53 63 22 15 4 -27 -89 -22 79 -93 31 51 -40 62 16 -24 12 61 85 -65 35 -63 -21 54 72 46 82 52 47 40 -48 63 -96 -9 -31 -44 -15 94 31 -41 8 78 -17 34 -63 25 82 92 -88 20 -13 86 -58 -6 -79 -90 -36 -39 -84 -87 -71 -37 27 -46 46
50;-44 -32 31 77 77 57 -67 35 24 -38 72 -84 83 -48 -84 46 -27 -65 51 -47 94 -1 -97 -33 41 54 74 -97 -7 44 56 -65 -23 -55 77 24 37 -28 -54 -3 -65 -44 -59 -76 -84 -52 -88 96 41 -48
41;95 76 45 29 24 -88 70 90 -12 -61 -49 31 -39 -57 9 84 -21 77 78 -88 32 37 -65 -96 25 74 -62 -22 89 7 77 82 49 67 15 86 -43 -16 -93 -68 -24 40 20 -26 48 99 -54 -68 -32 -69 15 43 20 -83 91 -22 59 87 -67 -20 -63 52 -86 -10 -32 27
39;-69 -51 -48 62 -40 -81 77 -44 1 -7 53 -16 36 -5 1 -13 -26 -16 82 -88 79 -86 -87 52 -74 -84 39 -87 82 34 -87 58 -37 -68 -3 -7 -39 81 -91 -61 2 45 0 -56 43 44 64 -64 -4 -8 -77 11 13 -19 5 -47 9 21 41 -14 -20 58 57 77 -92 -2 -42 -3 -71 6 72 32 -26 87 32 -60 98 -45 -2 -12 95 -71 94
7;48 33 -81 33 25 30 -93 92 54 53 85 53 89 54 -39 32 -37 40 99 -1 -39 60 1 26 3 10 -2 55 -45 -38 -32 46 -86 91 22 -83 -39 -23 90 -68 -48 -62 17 12 -12 -31 51 78 77 -82 98 -6 -39 74
45;-55 68 16 -54 -98 78 67 56 -68 3 1 -18 -7 51 90 86 24 1 29 -38 82 -30 5 43 -84 45 67 84 23 49 46 -73 -14 -36 -41 63 -7 0 -84 5 75 -75 -59 94 81 -60 57 54 88 -47 -84 -36 -8 8 90 -75 -44 30 72 -23 -34 68 67 -15
21;-9 -66 63 -13 -41 -19 -58 -52 12 -7 -16 -45 63 26 23 -21 -28 -28 -7 99 15 49 -1 40 -22 -31 23 53 -37 -80 -99 -81 87 45 -67 -12 -12 -80 45 25 -93 32 -46 13 -19 -82 89 -8 -55 45 85 -29 85 64 98 -53 -15 -79 -68 93 95
8;95 -12 -84 99 -22 81 -85 4 85 88 65 -77 -45 -80 62 -47 -8 6 82 18 37 75 -51 -16 80 -48 23 -68 -34 -24 79 -99 84 54 2 -21 46 -64 -95 75 15 -84 76 28 65 -66 -20 -34 -94 -85 -11 46 18 -33 -72
37;-51 -75 82 52 -42 -74 9 35 91 -14 68 42 83 -48 34 37 57 -86 4 51 -57 67 61 66 -43 13 49 -35 0 -72 -10 94 -13 -83 45 94 -51 -80 15 -67 -90 -47 -95 -73 45 67 63 38 -50 98 51 17 12 34 -38 -1 3 74 -41 -90 -29 -77 27 76 -5 -36
16;7 7 -13 -4 16 40 -19 33 24 -65 -84 11 -6 16 -90 -38 14 18 -29 29 72 68 -22 94 61 -19 -14 37 -90 -69 53 -19 57 97 65 49 60 -84 39 -59 -35 74 4 -73 -4 12 -82 16 52 47 22 -94 60 -92 -35 0 -66 95 32 -52 -18 53 49 -44 -62 -90 59
16;7 2 -43 22 -58 46 -71 87 33 -24 -76 -66 -87 87 87 -4 -50 -33 87